 -4.70  0.69184 0.77978 0.88722
 -4.40  0.88540 1.00395 0.88192
 -4.10  0.89559 1.01414 0.88310
 -3.80  0.90578 1.01414 0.89315
 -3.50  0.90578 1.01414 0.89315
 -3.20  0.89559 1.01414 0.88310
 -2.90  0.89559 1.01414 0.88310
 -2.60  0.89559 1.01414 0.88310
 -2.30  0.88540 1.02433 0.86437
 -2.00  0.88540 1.01414 0.87306
 -1.70  0.86503 1.01414 0.85297
 -1.40  0.84465 1.00395 0.84133
 -1.10  0.83447 1.01414 0.82283
 -0.80  0.80390 1.00395 0.80074
 -0.50  0.76315 0.99376 0.76794
 -0.20  0.71222 0.97338 0.73169
  0.10  0.66128 0.95300 0.69389
  0.40  0.58997 0.89187 0.66150
  0.70  0.56959 0.81035 0.70289
  1.00  0.58997 0.80016 0.73731
  1.30  0.64090 0.82054 0.78107
  1.60  0.76315 0.89187 0.85568
  1.90  0.91596 0.97338 0.94101
  2.20  0.99746 1.01414 0.98356
  2.50  1.01784 1.03452 0.98388
  2.80  1.01784 1.03452 0.98388
  3.10  1.00765 1.04471 0.96453
  3.40  0.98728 1.03452 0.95433
  3.70  0.96690 1.02433 0.94394
  4.00  0.95671 1.02433 0.93399
  4.30  0.93634 1.02433 0.91410
  4.60  0.93634 1.02433 0.91410
  4.90  0.92615 1.02433 0.90415
  5.20  0.91596 1.02433 0.89421
  5.50  0.91596 1.02433 0.89421
  5.80  0.92615 1.02433 0.90415
  6.10  0.93634 1.02433 0.91410
  6.40  0.93634 1.02433 0.91410
  6.70  0.92615 1.02433 0.90415
  7.00  0.92615 1.02433 0.90415
  7.30  0.90578 1.02433 0.88426
