 -5.70  0.48809 0.41297 1.18192
 -5.40  0.50847 0.44353 1.14640
 -5.10  0.51865 0.45372 1.14311
 -4.80  0.51865 0.44353 1.16937
 -4.50  0.51865 0.44353 1.16937
 -4.20  0.51865 0.45372 1.14311
 -3.90  0.51865 0.44353 1.16937
 -3.60  0.51865 0.44353 1.16937
 -3.30  0.51865 0.44353 1.16937
 -3.00  0.51865 0.44353 1.16937
 -2.70  0.50847 0.43334 1.17335
 -2.40  0.51865 0.43334 1.19686
 -2.10  0.50847 0.44353 1.14640
 -1.80  0.49828 0.43334 1.14985
 -1.50  0.49828 0.43334 1.14985
 -1.20  0.49828 0.43334 1.14985
 -0.90  0.47790 0.41297 1.15725
 -0.60  0.44734 0.41297 1.08324
 -0.30  0.42697 0.40278 1.06006
 -0.00  0.39641 0.40278 0.98418
  0.30  0.36584 0.39259 0.93188
  0.60  0.34547 0.36202 0.95428
  0.90  0.34547 0.34164 1.01120
  1.20  0.39641 0.36202 1.09499
  1.50  0.47790 0.38240 1.24976
  1.80  0.54922 0.40278 1.36358
  2.10  0.58997 0.41297 1.42861
  2.40  0.60015 0.41297 1.45328
  2.70  0.60015 0.42316 1.41828
  3.00  0.57978 0.42316 1.37013
  3.30  0.55940 0.41297 1.35460
  3.60  0.54922 0.41297 1.32993
  3.90  0.54922 0.41297 1.32993
  4.20  0.52884 0.41297 1.28060
  4.50  0.52884 0.41297 1.28060
  4.80  0.52884 0.41297 1.28060
  5.10  0.51865 0.40278 1.28770
  5.40  0.51865 0.40278 1.28770
  5.70  0.51865 0.40278 1.28770
  6.00  0.51865 0.40278 1.28770
  6.30  0.51865 0.40278 1.28770
  6.60  0.50847 0.40278 1.26241
  6.90  0.50847 0.40278 1.26241
  7.20  0.50847 0.40278 1.26241
  7.50  0.50847 0.40278 1.26241
  7.80  0.51865 0.40278 1.28770
  8.10  0.50847 0.40278 1.26241
