 -4.70  0.47790 0.51486 0.92822
 -4.40  0.47790 0.54543 0.87620
 -4.10  0.47790 0.54543 0.87620
 -3.80  0.48809 0.53524 0.91191
 -3.50  0.47790 0.53524 0.89288
 -3.20  0.48809 0.53524 0.91191
 -2.90  0.48809 0.54543 0.89488
 -2.60  0.48809 0.54543 0.89488
 -2.30  0.48809 0.54543 0.89488
 -2.00  0.48809 0.54543 0.89488
 -1.70  0.47790 0.53524 0.89288
 -1.40  0.47790 0.54543 0.87620
 -1.10  0.47790 0.53524 0.89288
 -0.80  0.46772 0.54543 0.85752
 -0.50  0.46772 0.52505 0.89081
 -0.20  0.46772 0.53524 0.87385
  0.10  0.46772 0.53524 0.87385
  0.40  0.45753 0.52505 0.87140
  0.70  0.46772 0.52505 0.89081
  1.00  0.48809 0.52505 0.92961
  1.30  0.50847 0.52505 0.96842
  1.60  0.51865 0.53524 0.96902
  1.90  0.51865 0.54543 0.95091
  2.20  0.50847 0.54543 0.93223
  2.50  0.49828 0.54543 0.91356
  2.80  0.49828 0.54543 0.91356
  3.10  0.49828 0.54543 0.91356
  3.40  0.48809 0.54543 0.89488
  3.70  0.48809 0.54543 0.89488
  4.00  0.48809 0.54543 0.89488
  4.30  0.48809 0.53524 0.91191
  4.60  0.48809 0.54543 0.89488
  4.90  0.48809 0.54543 0.89488
  5.20  0.48809 0.54543 0.89488
  5.50  0.47790 0.54543 0.87620
  5.80  0.48809 0.54543 0.89488
  6.10  0.48809 0.54543 0.89488
  6.40  0.48809 0.54543 0.89488
  6.70  0.48809 0.54543 0.89488
  7.00  0.48809 0.54543 0.89488
  7.30  0.48809 0.54543 0.89488
